13
0 0 0 0 0 0 0 0 0 0 0 0 0 
8.33333 7.63889 6.94444 6.25 5.55556 4.86111 4.16667 3.47222 2.77778 2.08333 1.38889 0.694444 0 
16.6667 15.2778 13.8889 12.5 11.1111 9.72222 8.33333 6.94444 5.55556 4.16667 2.77778 1.38889 0 
25 22.9167 20.8333 18.75 16.6667 14.5833 12.5 10.4167 8.33333 6.25 4.16667 2.08333 0 
33.3333 30.5556 27.7778 25 22.2222 19.4444 16.6667 13.8889 11.1111 8.33333 5.55556 2.77778 0 
41.6667 38.1944 34.7222 31.25 27.7778 24.3056 20.8333 17.3611 13.8889 10.4167 6.94444 3.47222 0 
50 45.8333 41.6667 37.5 33.3333 29.1667 25 20.8333 16.6667 12.5 8.33333 4.16667 0 
58.3333 53.4722 48.6111 43.75 38.8889 34.0278 29.1667 24.3056 19.4444 14.5833 9.72222 4.86111 0 
66.6667 61.1111 55.5556 50 44.4444 38.8889 33.3333 27.7778 22.2222 16.6667 11.1111 5.55556 0 
75 68.75 62.5 56.25 50 43.75 37.5 31.25 25 18.75 12.5 6.25 0 
83.3333 76.3889 69.4444 62.5 55.5556 48.6111 41.6667 34.7222 27.7778 20.8333 13.8889 6.94444 0 
91.6667 84.0278 76.3889 68.75 61.1111 53.4722 45.8333 38.1944 30.5556 22.9167 15.2778 7.63889 0 
100 91.6667 83.3333 75 66.6667 58.3333 50 41.6667 33.3333 25 16.6667 8.33333 0 
